Rabi measurement
Date: 2021_02_12, 13:03
Rabi settings:
Minimum [ns]: 25.000000 
Maximum [ns]: 75.000000 
Step [ns]: 5.000000 
Sequence: [(['Laser'], 1500), ([], 1000), (['Mw'], 20), ([], 50), (['Mw'], 40), ([], t), (['Mw'], 20), ([], 300)] 
Repeat [#]: 5 
Freq [MHz]: 2828.000000 
Cam settings:
Hardware AOI: [0, 0, 1280, 1024] 
Software AOI: [851, 885, 50, 51] 
Pixelclock [MHz]: 10.000000 
Exposure [ms]: 100.000000 
Time [ns];Intensity [count]; Average Intensity [count]
25.5;0.901224060623;0.902963794251
25.5;0.904880532478;0.902963794251
25.5;0.902389237974;0.902963794251
25.5;0.90304866565;0.902963794251
25.5;0.903276474527;0.902963794251
30.0;0.904614687266;0.9049467449
30.0;0.90432822634;0.9049467449
30.0;0.903915098285;0.9049467449
30.0;0.905132572899;0.9049467449
30.0;0.906743139711;0.9049467449
34.5;0.907603734102;0.908718376398
34.5;0.910301605362;0.908718376398
34.5;0.909051866986;0.908718376398
34.5;0.907343764504;0.908718376398
34.5;0.909290911035;0.908718376398
39.0;0.913295260904;0.913186142995
39.0;0.91441160932;0.913186142995
39.0;0.912728733983;0.913186142995
39.0;0.912699702791;0.913186142995
39.0;0.912795407976;0.913186142995
43.5;0.917939913959;0.917879460077
43.5;0.917012550513;0.917879460077
43.5;0.916565020697;0.917879460077
43.5;0.917199667262;0.917879460077
43.5;0.920680147954;0.917879460077
48.0;0.920526939015;0.919947326232
48.0;0.920786400645;0.919947326232
48.0;0.92044352648;0.919947326232
48.0;0.918856498482;0.919947326232
48.0;0.919123266537;0.919947326232
52.5;0.923745306497;0.922853757617
52.5;0.922319131519;0.922853757617
52.5;0.92309340868;0.922853757617
52.5;0.921517312858;0.922853757617
52.5;0.923593628533;0.922853757617
57.0;0.919002427626;0.921226418211
57.0;0.921373101792;0.921226418211
57.0;0.922208120099;0.921226418211
57.0;0.920612332345;0.921226418211
57.0;0.922936109193;0.921226418211
61.5;0.920474827596;0.918503175714
61.5;0.917275782823;0.918503175714
61.5;0.918569658635;0.918503175714
61.5;0.917979072116;0.918503175714
61.5;0.918216537402;0.918503175714
66.0;0.914817483472;0.915692417254
66.0;0.916862622892;0.915692417254
66.0;0.916082334998;0.915692417254
66.0;0.916079383669;0.915692417254
66.0;0.914620261237;0.915692417254
70.5;0.909810901534;0.91078654728
70.5;0.91315030115;0.91078654728
70.5;0.908401024501;0.91078654728
70.5;0.911443140078;0.91078654728
70.5;0.911127369137;0.91078654728