Rabi measurement
Date: 2021_02_12, 12:53
Rabi settings:
Minimum [ns]: 50.000000 
Maximum [ns]: 150.000000 
Step [ns]: 10.000000 
Sequence: [(['Laser'], 1500), ([], 1000), (['Mw'], 20), ([], 100), (['Mw'], 40), ([], t), (['Mw'], 20), ([], 300)] 
Repeat [#]: 5 
Freq [MHz]: 2828.000000 
Cam settings:
Hardware AOI: [0, 0, 1280, 1024] 
Software AOI: [851, 885, 50, 51] 
Pixelclock [MHz]: 10.000000 
Exposure [ms]: 100.000000 
Time [ns];Intensity [count]; Average Intensity [count]
49.5;0.906869686739;0.909255157018
49.5;0.911496915391;0.909255157018
49.5;0.909605342382;0.909255157018
49.5;0.91005222748;0.909255157018
49.5;0.908251613098;0.909255157018
60.0;0.90972268992;0.909527639685
60.0;0.907870890871;0.909527639685
60.0;0.909161361364;0.909527639685
60.0;0.90969252412;0.909527639685
60.0;0.911190732149;0.909527639685
70.5;0.909544462648;0.909478257094
70.5;0.91111129786;0.909478257094
70.5;0.90973009349;0.909478257094
70.5;0.908028487024;0.909478257094
70.5;0.908976944447;0.909478257094
81.0;0.907672396362;0.907716821397
81.0;0.906569984213;0.907716821397
81.0;0.905394199271;0.907716821397
81.0;0.907637555142;0.907716821397
81.0;0.911309971997;0.907716821397
91.5;0.908849068565;0.909934562391
91.5;0.910036093041;0.909934562391
91.5;0.907158827161;0.909934562391
91.5;0.913982874979;0.909934562391
91.5;0.909645948211;0.909934562391
102.0;0.913720768311;0.913495714161
102.0;0.91150777968;0.913495714161
102.0;0.916333928533;0.913495714161
102.0;0.913909714507;0.913495714161
102.0;0.912006379773;0.913495714161
112.5;0.909626274073;0.91017122418
112.5;0.909594983379;0.91017122418
112.5;0.911511689845;0.91017122418
112.5;0.91128107748;0.91017122418
112.5;0.908842096125;0.91017122418
123.0;0.908603400602;0.906004464541
123.0;0.905770101205;0.906004464541
123.0;0.905299151964;0.906004464541
123.0;0.903332332032;0.906004464541
123.0;0.9070173369;0.906004464541
133.5;0.906387093646;0.905261487071
133.5;0.904295671214;0.905261487071
133.5;0.905485106746;0.905261487071
133.5;0.905783100491;0.905261487071
133.5;0.904356463256;0.905261487071
144.0;0.904897754702;0.904327600207
144.0;0.905096166976;0.904327600207
144.0;0.904997941778;0.904327600207
144.0;0.902204082034;0.904327600207
144.0;0.904442055542;0.904327600207