ODMR measurement
Date: 2021_02_12, 11:27
ODMR settings:
Minimum [MHz]: 2700.300000 
Maximum [MHz]: 2983.300000 
Step [MHz]: 1.000000 
Repeat [#]: 1 
Sequence: [(['Laser'], 300), ([], 800), (['Mw'], 100), ([], 300)] 
Cam settings:
Hardware AOI: [0, 0, 1280, 1024] 
Software AOI: [851, 885, 50, 51] 
Pixelclock [MHz]: 10.000000 
Exposure [ms]: 100.000000 
Voltage [V];Frequency [MHz];Intensity [count]; Average Intensity [count]
1.08090909091;2700.3;4721676.0;4721676.0
1.09;2701.3;4696512.0;4696512.0
1.09909090909;2702.3;4727816.0;4727816.0
1.10873786408;2703.3;4712711.0;4712711.0
1.11844660194;2704.3;4705409.0;4705409.0
1.12815533981;2705.3;4711371.0;4711371.0
1.13786407767;2706.3;4727441.0;4727441.0
1.14757281553;2707.3;4730195.0;4730195.0
1.1572815534;2708.3;4733844.0;4733844.0
1.16699029126;2709.3;4709709.0;4709709.0
1.17669902913;2710.3;4705805.0;4705805.0
1.18640776699;2711.3;4743440.0;4743440.0
1.19611650485;2712.3;4722826.0;4722826.0
1.20631578947;2713.3;4705226.0;4705226.0
1.21684210526;2714.3;4739025.0;4739025.0
1.22736842105;2715.3;4740623.0;4740623.0
1.23789473684;2716.3;4721431.0;4721431.0
1.24842105263;2717.3;4746323.0;4746323.0
1.25894736842;2718.3;4748052.0;4748052.0
1.26947368421;2719.3;4712715.0;4712715.0
1.28;2720.3;4718173.0;4718173.0
1.29052631579;2721.3;4731347.0;4731347.0
1.30111111111;2722.3;4729175.0;4729175.0
1.31222222222;2723.3;4737492.0;4737492.0
1.32333333333;2724.3;4728014.0;4728014.0
1.33444444444;2725.3;4758229.0;4758229.0
1.34555555556;2726.3;4710591.0;4710591.0
1.35666666667;2727.3;4723721.0;4723721.0
1.36777777778;2728.3;4726607.0;4726607.0
1.37888888889;2729.3;4733844.0;4733844.0
1.39;2730.3;4716113.0;4716113.0
1.4009009009;2731.3;4731155.0;4731155.0
1.40990990991;2732.3;4733076.0;4733076.0
1.41891891892;2733.3;4729687.0;4729687.0
1.42792792793;2734.3;4741837.0;4741837.0
1.43693693694;2735.3;4718848.0;4718848.0
1.44594594595;2736.3;4732498.0;4732498.0
1.45495495495;2737.3;4718856.0;4718856.0
1.46396396396;2738.3;4722053.0;4722053.0
1.47297297297;2739.3;4701957.0;4701957.0
1.48198198198;2740.3;4706824.0;4706824.0
1.49099099099;2741.3;4685770.0;4685770.0
1.5;2742.3;4666819.0;4666819.0
1.50980392157;2743.3;4685262.0;4685262.0
1.51960784314;2744.3;4699406.0;4699406.0
1.52941176471;2745.3;4689170.0;4689170.0
1.53921568627;2746.3;4689411.0;4689411.0
1.54901960784;2747.3;4714375.0;4714375.0
1.55882352941;2748.3;4690754.0;4690754.0
1.56862745098;2749.3;4710975.0;4710975.0
1.57843137255;2750.3;4689537.0;4689537.0
1.58823529412;2751.3;4662462.0;4662462.0
1.59803921569;2752.3;4673090.0;4673090.0
1.6085106383;2753.3;4650565.0;4650565.0
1.61914893617;2754.3;4656259.0;4656259.0
1.62978723404;2755.3;4676161.0;4676161.0
1.64042553191;2756.3;4663733.0;4663733.0
1.65106382979;2757.3;4679942.0;4679942.0
1.66170212766;2758.3;4670986.0;4670986.0
1.67234042553;2759.3;4673473.0;4673473.0
1.6829787234;2760.3;4638327.0;4638327.0
1.69361702128;2761.3;4645245.0;4645245.0
1.70454545455;2762.3;4626615.0;4626615.0
1.71590909091;2763.3;4623603.0;4623603.0
1.72727272727;2764.3;4631292.0;4631292.0
1.73863636364;2765.3;4595309.0;4595309.0
1.75;2766.3;4591541.0;4591541.0
1.76136363636;2767.3;4642303.0;4642303.0
1.77272727273;2768.3;4639606.0;4639606.0
1.78409090909;2769.3;4604022.0;4604022.0
1.79545454545;2770.3;4588587.0;4588587.0
1.806;2771.3;4595572.0;4595572.0
1.816;2772.3;4579317.0;4579317.0
1.826;2773.3;4576046.0;4576046.0
1.836;2774.3;4560248.0;4560248.0
1.846;2775.3;4550634.0;4550634.0
1.856;2776.3;4569515.0;4569515.0
1.866;2777.3;4540522.0;4540522.0
1.876;2778.3;4538793.0;4538793.0
1.886;2779.3;4546613.0;4546613.0
1.896;2780.3;4575081.0;4575081.0
1.90652173913;2781.3;4545511.0;4545511.0
1.91739130435;2782.3;4518560.0;4518560.0
1.92826086957;2783.3;4500451.0;4500451.0
1.93913043478;2784.3;4494293.0;4494293.0
1.95;2785.3;4457941.0;4457941.0
1.96086956522;2786.3;4464928.0;4464928.0
1.97173913043;2787.3;4444507.0;4444507.0
1.98260869565;2788.3;4428438.0;4428438.0
1.99347826087;2789.3;4450898.0;4450898.0
2.00470588235;2790.3;4459866.0;4459866.0
2.01647058824;2791.3;4440342.0;4440342.0
2.02823529412;2792.3;4422039.0;4422039.0
2.04;2793.3;4398726.0;4398726.0
2.05176470588;2794.3;4376200.0;4376200.0
2.06352941176;2795.3;4333495.0;4333495.0
2.07529411765;2796.3;4336124.0;4336124.0
2.08705882353;2797.3;4295148.0;4295148.0
2.09882352941;2798.3;4318393.0;4318393.0
2.10967741935;2799.3;4327477.0;4327477.0
2.12043010753;2800.3;4319039.0;4319039.0
2.1311827957;2801.3;4300532.0;4300532.0
2.14193548387;2802.3;4267879.0;4267879.0
2.15268817204;2803.3;4253798.0;4253798.0
2.16344086022;2804.3;4188962.0;4188962.0
2.17419354839;2805.3;4186206.0;4186206.0
2.18494623656;2806.3;4168593.0;4168593.0
2.19569892473;2807.3;4131540.0;4131540.0
2.20612244898;2808.3;4117964.0;4117964.0
2.21632653061;2809.3;4092110.0;4092110.0
2.22653061224;2810.3;4099980.0;4099980.0
2.23673469388;2811.3;4097802.0;4097802.0
2.24693877551;2812.3;4073995.0;4073995.0
2.25714285714;2813.3;4065289.0;4065289.0
2.26734693878;2814.3;4056831.0;4056831.0
2.27755102041;2815.3;4052158.0;4052158.0
2.28775510204;2816.3;4027136.0;4027136.0
2.29795918367;2817.3;4043512.0;4043512.0
2.30898876404;2818.3;4020085.0;4020085.0
2.3202247191;2819.3;4042746.0;4042746.0
2.33146067416;2820.3;4034939.0;4034939.0
2.34269662921;2821.3;4036797.0;4036797.0
2.35393258427;2822.3;3999291.0;3999291.0
2.36516853933;2823.3;3969064.0;3969064.0
2.37640449438;2824.3;3941422.0;3941422.0
2.38764044944;2825.3;3957603.0;3957603.0
2.39887640449;2826.3;3942953.0;3942953.0
2.40989010989;2827.3;3930341.0;3930341.0
2.42087912088;2828.3;3957996.0;3957996.0
2.43186813187;2829.3;3973545.0;3973545.0
2.44285714286;2830.3;4015993.0;4015993.0
2.45384615385;2831.3;4063612.0;4063612.0
2.46483516484;2832.3;4065541.0;4065541.0
2.47582417582;2833.3;4092930.0;4092930.0
2.48681318681;2834.3;4064189.0;4064189.0
2.4978021978;2835.3;4061191.0;4061191.0
2.50869565217;2836.3;4103692.0;4103692.0
2.51956521739;2837.3;4085448.0;4085448.0
2.53043478261;2838.3;4073731.0;4073731.0
2.54130434783;2839.3;4102857.0;4102857.0
2.55217391304;2840.3;4121997.0;4121997.0
2.56304347826;2841.3;4113681.0;4113681.0
2.57391304348;2842.3;4115920.0;4115920.0
2.5847826087;2843.3;4119373.0;4119373.0
2.59565217391;2844.3;4109520.0;4109520.0
2.60659340659;2845.3;4109448.0;4109448.0
2.61758241758;2846.3;4117703.0;4117703.0
2.62857142857;2847.3;4136218.0;4136218.0
2.63956043956;2848.3;4191967.0;4191967.0
2.65054945055;2849.3;4196327.0;4196327.0
2.66153846154;2850.3;4225569.0;4225569.0
2.67252747253;2851.3;4256817.0;4256817.0
2.68351648352;2852.3;4297392.0;4297392.0
2.69450549451;2853.3;4332611.0;4332611.0
2.70568181818;2854.3;4347848.0;4347848.0
2.71704545455;2855.3;4383558.0;4383558.0
2.72840909091;2856.3;4391040.0;4391040.0
2.73977272727;2857.3;4372550.0;4372550.0
2.75113636364;2858.3;4360582.0;4360582.0
2.7625;2859.3;4371585.0;4371585.0
2.77386363636;2860.3;4397835.0;4397835.0
2.78522727273;2861.3;4417164.0;4417164.0
2.79659090909;2862.3;4430037.0;4430037.0
2.80760869565;2863.3;4442850.0;4442850.0
2.81847826087;2864.3;4461914.0;4461914.0
2.82934782609;2865.3;4487521.0;4487521.0
2.8402173913;2866.3;4451148.0;4451148.0
2.85108695652;2867.3;4440281.0;4440281.0
2.86195652174;2868.3;4419795.0;4419795.0
2.87282608696;2869.3;4429259.0;4429259.0
2.88369565217;2870.3;4441812.0;4441812.0
2.89456521739;2871.3;4423114.0;4423114.0
2.90515463918;2872.3;4435865.0;4435865.0
2.91546391753;2873.3;4449032.0;4449032.0
2.92577319588;2874.3;4469782.0;4469782.0
2.93608247423;2875.3;4451800.0;4451800.0
2.94639175258;2876.3;4458776.0;4458776.0
2.95670103093;2877.3;4411985.0;4411985.0
2.96701030928;2878.3;4428042.0;4428042.0
2.97731958763;2879.3;4400144.0;4400144.0
2.98762886598;2880.3;4391046.0;4391046.0
2.99793814433;2881.3;4391628.0;4391628.0
3.00860215054;2882.3;4401039.0;4401039.0
3.01935483871;2883.3;4369921.0;4369921.0
3.03010752688;2884.3;4367749.0;4367749.0
3.04086021505;2885.3;4359496.0;4359496.0
3.05161290323;2886.3;4361278.0;4361278.0
3.0623655914;2887.3;4305657.0;4305657.0
3.07311827957;2888.3;4323712.0;4323712.0
3.08387096774;2889.3;4283376.0;4283376.0
3.09462365591;2890.3;4235367.0;4235367.0
3.10520833333;2891.3;4208045.0;4208045.0
3.115625;2892.3;4184805.0;4184805.0
3.12604166667;2893.3;4149464.0;4149464.0
3.13645833333;2894.3;4130900.0;4130900.0
3.146875;2895.3;4106187.0;4106187.0
3.15729166667;2896.3;4102667.0;4102667.0
3.16770833333;2897.3;4102330.0;4102330.0
3.178125;2898.3;4068414.0;4068414.0
3.18854166667;2899.3;4042496.0;4042496.0
3.19895833333;2900.3;4016890.0;4016890.0
3.20962566845;2901.3;4018940.0;4018940.0
3.22032085561;2902.3;3990828.0;3990828.0
3.23101604278;2903.3;3975659.0;3975659.0
3.24171122995;2904.3;3967717.0;3967717.0
3.25240641711;2905.3;3971441.0;3971441.0
3.26310160428;2906.3;3970543.0;3970543.0
3.27379679144;2907.3;4023093.0;4023093.0
3.28449197861;2908.3;3985145.0;3985145.0
3.29518716578;2909.3;3977706.0;3977706.0
3.30572320499;2910.3;3950182.0;3950182.0
3.31612903226;2911.3;3971756.0;3971756.0
3.32653485952;2912.3;3937774.0;3937774.0
3.33694068678;2913.3;3938531.0;3938531.0
3.34734651405;2914.3;3885654.0;3885654.0
3.35775234131;2915.3;3897060.0;3897060.0
3.36815816857;2916.3;3906208.0;3906208.0
3.37856399584;2917.3;3925982.0;3925982.0
3.3889698231;2918.3;3951721.0;3951721.0
3.39937565036;2919.3;4000884.0;4000884.0
3.41068181818;2920.3;4014202.0;4014202.0
3.42204545455;2921.3;4045574.0;4045574.0
3.43340909091;2922.3;4073026.0;4073026.0
3.44477272727;2923.3;4064392.0;4064392.0
3.45613636364;2924.3;4099921.0;4099921.0
3.4675;2925.3;4089094.0;4089094.0
3.47886363636;2926.3;4072451.0;4072451.0
3.49022727273;2927.3;4087430.0;4087430.0
3.50160734788;2928.3;4081861.0;4081861.0
3.51308840413;2929.3;4089156.0;4089156.0
3.52456946039;2930.3;4140501.0;4140501.0
3.53605051665;2931.3;4135508.0;4135508.0
3.5475315729;2932.3;4140172.0;4140172.0
3.55901262916;2933.3;4154764.0;4154764.0
3.57049368542;2934.3;4175574.0;4175574.0
3.58197474168;2935.3;4172690.0;4172690.0
3.59345579793;2936.3;4207783.0;4207783.0
3.60525030525;2937.3;4206686.0;4206686.0
3.61746031746;2938.3;4237993.0;4237993.0
3.62967032967;2939.3;4271023.0;4271023.0
3.64188034188;2940.3;4264175.0;4264175.0
3.65409035409;2941.3;4324733.0;4324733.0
3.6663003663;2942.3;4351105.0;4351105.0
3.67851037851;2943.3;4335995.0;4335995.0
3.69072039072;2944.3;4370058.0;4370058.0
3.70301886792;2945.3;4374917.0;4374917.0
3.71559748428;2946.3;4376393.0;4376393.0
3.72817610063;2947.3;4336130.0;4336130.0
3.74075471698;2948.3;4386890.0;4386890.0
3.75333333333;2949.3;4384383.0;4384383.0
3.76591194969;2950.3;4373187.0;4373187.0
3.77849056604;2951.3;4423499.0;4423499.0
3.79106918239;2952.3;4442325.0;4442325.0
3.80383597884;2953.3;4466645.0;4466645.0
3.81706349206;2954.3;4484385.0;4484385.0
3.83029100529;2955.3;4471707.0;4471707.0
3.84351851852;2956.3;4479901.0;4479901.0
3.85674603175;2957.3;4470115.0;4470115.0
3.86997354497;2958.3;4468765.0;4468765.0
3.8832010582;2959.3;4481623.0;4481623.0
3.89642857143;2960.3;4474848.0;4474848.0
3.91018131102;2961.3;4480278.0;4480278.0
3.92412831241;2962.3;4527010.0;4527010.0
3.93807531381;2963.3;4532587.0;4532587.0
3.9520223152;2964.3;4543980.0;4543980.0
3.9659693166;2965.3;4537642.0;4537642.0
3.97991631799;2966.3;4543907.0;4543907.0
3.99386331939;2967.3;4552619.0;4552619.0
4.0082962963;2968.3;4542561.0;4542561.0
4.02311111111;2969.3;4519197.0;4519197.0
4.03792592593;2970.3;4544368.0;4544368.0
4.05274074074;2971.3;4552751.0;4552751.0
4.06755555556;2972.3;4565291.0;4565291.0
4.08237037037;2973.3;4585465.0;4585465.0
4.09718518519;2974.3;4588530.0;4588530.0
4.11289808917;2975.3;4600108.0;4600108.0
4.12882165605;2976.3;4594228.0;4594228.0
4.14474522293;2977.3;4604600.0;4604600.0
4.16066878981;2978.3;4595124.0;4595124.0
4.17659235669;2979.3;4606522.0;4606522.0
4.19251592357;2980.3;4627127.0;4627127.0
4.20849358974;2981.3;4630388.0;4630388.0
4.22451923077;2982.3;4624186.0;4624186.0