ODMR measurement
Date: 2021_02_12, 11:22
ODMR settings:
Minimum [MHz]: 2583.300000 
Maximum [MHz]: 2983.300000 
Step [MHz]: 10.000000 
Repeat [#]: 1 
Sequence: [(['Laser'], 300), ([], 800), (['Mw'], 100), ([], 300)] 
Cam settings:
Hardware AOI: [0, 0, 1280, 1024] 
Software AOI: [851, 885, 50, 51] 
Pixelclock [MHz]: 10.000000 
Exposure [ms]: 100.000000 
Voltage [V];Frequency [MHz];Intensity [count]; Average Intensity [count]
0.0;2583.3;4651396.0;4651396.0
0.0740740740741;2593.3;4666754.0;4666754.0
0.151587301587;2603.3;4671303.0;4671303.0
0.233050847458;2613.3;4694667.0;4694667.0
0.31875;2623.3;4678474.0;4678474.0
0.408571428571;2633.3;4677122.0;4677122.0
0.50404040404;2643.3;4694545.0;4694545.0
0.605319148936;2653.3;4648450.0;4648450.0
0.712359550562;2663.3;4645122.0;4645122.0
0.817741935484;2673.3;4713107.0;4713107.0
0.898387096774;2683.3;4667462.0;4667462.0
1.01727272727;2693.3;4698828.0;4698828.0
1.10873786408;2703.3;4680198.0;4680198.0
1.20631578947;2713.3;4656197.0;4656197.0
1.31222222222;2723.3;4653830.0;4653830.0
1.41891891892;2733.3;4642230.0;4642230.0
1.50980392157;2743.3;4634500.0;4634500.0
1.6085106383;2753.3;4581299.0;4581299.0
1.71590909091;2763.3;4523116.0;4523116.0
1.826;2773.3;4473513.0;4473513.0
1.92826086957;2783.3;4435098.0;4435098.0
2.04;2793.3;4330496.0;4330496.0
2.15268817204;2803.3;4176661.0;4176661.0
2.25714285714;2813.3;3999733.0;3999733.0
2.36516853933;2823.3;3917287.0;3917287.0
2.47582417582;2833.3;3975599.0;3975599.0
2.5847826087;2843.3;4042748.0;4042748.0
2.69450549451;2853.3;4250731.0;4250731.0
2.80760869565;2863.3;4366471.0;4366471.0
2.91546391753;2873.3;4358659.0;4358659.0
3.01935483871;2883.3;4292918.0;4292918.0
3.12604166667;2893.3;4097430.0;4097430.0
3.23101604278;2903.3;3909865.0;3909865.0
3.33694068678;2913.3;3852627.0;3852627.0
3.44477272727;2923.3;4011828.0;4011828.0
3.55901262916;2933.3;4079691.0;4079691.0
3.67851037851;2943.3;4287285.0;4287285.0
3.80383597884;2953.3;4410455.0;4410455.0
3.93807531381;2963.3;4458080.0;4458080.0
4.08237037037;2973.3;4532013.0;4532013.0