ODMR measurement
Date: 2021_02_12, 11:50
ODMR settings:
Minimum [MHz]: 2780.300000 
Maximum [MHz]: 2880.300000 
Step [MHz]: 1.000000 
Repeat [#]: 1 
Sequence: [(['Laser'], 300), ([], 800), (['Mw'], 100), ([], 300)] 
Cam settings:
Hardware AOI: [0, 0, 1280, 1024] 
Software AOI: [851, 885, 50, 51] 
Pixelclock [MHz]: 10.000000 
Exposure [ms]: 100.000000 
Voltage [V];Frequency [MHz];Intensity [count]; Average Intensity [count]
1.896;2780.3;4547241.0;4547241.0
1.90652173913;2781.3;4581230.0;4581230.0
1.91739130435;2782.3;4556579.0;4556579.0
1.92826086957;2783.3;4531229.0;4531229.0
1.93913043478;2784.3;4528805.0;4528805.0
1.95;2785.3;4480027.0;4480027.0
1.96086956522;2786.3;4465307.0;4465307.0
1.97173913043;2787.3;4492126.0;4492126.0
1.98260869565;2788.3;4479763.0;4479763.0
1.99347826087;2789.3;4512098.0;4512098.0
2.00470588235;2790.3;4483036.0;4483036.0
2.01647058824;2791.3;4467356.0;4467356.0
2.02823529412;2792.3;4455893.0;4455893.0
2.04;2793.3;4414674.0;4414674.0
2.05176470588;2794.3;4387845.0;4387845.0
2.06352941176;2795.3;4365953.0;4365953.0
2.07529411765;2796.3;4356218.0;4356218.0
2.08705882353;2797.3;4342014.0;4342014.0
2.09882352941;2798.3;4331326.0;4331326.0
2.10967741935;2799.3;4336377.0;4336377.0
2.12043010753;2800.3;4345660.0;4345660.0
2.1311827957;2801.3;4317824.0;4317824.0
2.14193548387;2802.3;4291000.0;4291000.0
2.15268817204;2803.3;4279281.0;4279281.0
2.16344086022;2804.3;4235813.0;4235813.0
2.17419354839;2805.3;4195424.0;4195424.0
2.18494623656;2806.3;4166043.0;4166043.0
2.19569892473;2807.3;4132564.0;4132564.0
2.20612244898;2808.3;4111052.0;4111052.0
2.21632653061;2809.3;4133585.0;4133585.0
2.22653061224;2810.3;4120327.0;4120327.0
2.23673469388;2811.3;4109009.0;4109009.0
2.24693877551;2812.3;4130641.0;4130641.0
2.25714285714;2813.3;4117846.0;4117846.0
2.26734693878;2814.3;4094790.0;4094790.0
2.27755102041;2815.3;4110088.0;4110088.0
2.28775510204;2816.3;4085518.0;4085518.0
2.29795918367;2817.3;4057026.0;4057026.0
2.30898876404;2818.3;4044152.0;4044152.0
2.3202247191;2819.3;4050748.0;4050748.0
2.33146067416;2820.3;4034173.0;4034173.0
2.34269662921;2821.3;4025975.0;4025975.0
2.35393258427;2822.3;4006133.0;4006133.0
2.36516853933;2823.3;4008696.0;4008696.0
2.37640449438;2824.3;3981100.0;3981100.0
2.38764044944;2825.3;3972396.0;3972396.0
2.39887640449;2826.3;3952042.0;3952042.0
2.40989010989;2827.3;3934177.0;3934177.0
2.42087912088;2828.3;3965613.0;3965613.0
2.43186813187;2829.3;3983600.0;3983600.0
2.44285714286;2830.3;4000117.0;4000117.0
2.45384615385;2831.3;4051145.0;4051145.0
2.46483516484;2832.3;4059710.0;4059710.0
2.47582417582;2833.3;4097673.0;4097673.0
2.48681318681;2834.3;4098826.0;4098826.0
2.4978021978;2835.3;4094346.0;4094346.0
2.50869565217;2836.3;4084867.0;4084867.0
2.51956521739;2837.3;4066821.0;4066821.0
2.53043478261;2838.3;4078413.0;4078413.0
2.54130434783;2839.3;4106435.0;4106435.0
2.55217391304;2840.3;4127120.0;4127120.0
2.56304347826;2841.3;4133709.0;4133709.0
2.57391304348;2842.3;4135891.0;4135891.0
2.5847826087;2843.3;4123464.0;4123464.0
2.59565217391;2844.3;4121481.0;4121481.0
2.60659340659;2845.3;4161489.0;4161489.0
2.61758241758;2846.3;4136208.0;4136208.0
2.62857142857;2847.3;4189667.0;4189667.0
2.63956043956;2848.3;4200922.0;4200922.0
2.65054945055;2849.3;4247969.0;4247969.0
2.66153846154;2850.3;4246573.0;4246573.0
2.67252747253;2851.3;4284016.0;4284016.0
2.68351648352;2852.3;4350077.0;4350077.0
2.69450549451;2853.3;4366141.0;4366141.0
2.70568181818;2854.3;4382595.0;4382595.0
2.71704545455;2855.3;4375621.0;4375621.0
2.72840909091;2856.3;4378695.0;4378695.0
2.73977272727;2857.3;4383752.0;4383752.0
2.75113636364;2858.3;4356031.0;4356031.0
2.7625;2859.3;4397187.0;4397187.0
2.77386363636;2860.3;4419847.0;4419847.0
2.78522727273;2861.3;4427215.0;4427215.0
2.79659090909;2862.3;4441173.0;4441173.0
2.80760869565;2863.3;4457306.0;4457306.0
2.81847826087;2864.3;4461595.0;4461595.0
2.82934782609;2865.3;4475857.0;4475857.0
2.8402173913;2866.3;4475739.0;4475739.0
2.85108695652;2867.3;4476956.0;4476956.0
2.86195652174;2868.3;4446992.0;4446992.0
2.87282608696;2869.3;4429141.0;4429141.0
2.88369565217;2870.3;4450008.0;4450008.0
2.89456521739;2871.3;4439953.0;4439953.0
2.90515463918;2872.3;4461209.0;4461209.0
2.91546391753;2873.3;4463774.0;4463774.0
2.92577319588;2874.3;4463010.0;4463010.0
2.93608247423;2875.3;4460579.0;4460579.0
2.94639175258;2876.3;4478614.0;4478614.0
2.95670103093;2877.3;4472540.0;4472540.0
2.96701030928;2878.3;4423064.0;4423064.0
2.97731958763;2879.3;4415068.0;4415068.0