Rabi measurement
Date: 2021_02_12, 12:22
Rabi settings:
Minimum [ns]: 0.000000 
Maximum [ns]: 200.000000 
Step [ns]: 10.000000 
Sequence: [(['Laser'], 1500), ([], 1000), (['Mw'], t), ([], 300)] 
Repeat [#]: 10 
Freq [MHz]: 2828.000000 
Cam settings:
Hardware AOI: [0, 0, 1280, 1024] 
Software AOI: [851, 885, 50, 51] 
Pixelclock [MHz]: 10.000000 
Exposure [ms]: 100.000000 
Time [ns];Intensity [count]; Average Intensity [count]
0.0;0.99405854883;0.998829806122
0.0;0.999837940556;0.998829806122
0.0;0.999337153754;0.998829806122
0.0;0.999398313322;0.998829806122
0.0;0.999606295996;0.998829806122
0.0;0.999031697356;0.998829806122
0.0;0.997060507787;0.998829806122
0.0;1;0.998829806122
0.0;1;0.998829806122
0.0;0.999967603614;0.998829806122
10.5;0.980507059921;0.981436656266
10.5;0.98182716264;0.981436656266
10.5;0.981303988547;0.981436656266
10.5;0.980195065437;0.981436656266
10.5;0.981614180306;0.981436656266
10.5;0.983153785822;0.981436656266
10.5;0.980296407584;0.981436656266
10.5;0.981075523982;0.981436656266
10.5;0.98327035616;0.981436656266
10.5;0.981123032258;0.981436656266
21.0;0.952073255879;0.94985045457
21.0;0.950295030873;0.94985045457
21.0;0.949390573419;0.94985045457
21.0;0.950217508768;0.94985045457
21.0;0.951879455722;0.94985045457
21.0;0.949461425892;0.94985045457
21.0;0.948379990406;0.94985045457
21.0;0.949323296875;0.94985045457
21.0;0.948812684072;0.94985045457
21.0;0.948671323791;0.94985045457
31.5;0.92979139197;0.931598788087
31.5;0.930795898886;0.931598788087
31.5;0.932154377098;0.931598788087
31.5;0.933087604773;0.931598788087
31.5;0.931979246054;0.931598788087
31.5;0.930479072683;0.931598788087
31.5;0.931484630357;0.931598788087
31.5;0.934010974018;0.931598788087
31.5;0.931601825805;0.931598788087
31.5;0.930602859229;0.931598788087
42.0;0.924408187585;0.923895406266
42.0;0.923387321373;0.923895406266
42.0;0.924970628068;0.923895406266
42.0;0.925031121705;0.923895406266
42.0;0.922927316382;0.923895406266
42.0;0.923272916435;0.923895406266
42.0;0.923392530832;0.923895406266
42.0;0.925607217365;0.923895406266
42.0;0.922204087986;0.923895406266
42.0;0.923752734927;0.923895406266
52.5;0.924659880154;0.925284945792
52.5;0.925481590632;0.925284945792
52.5;0.924743739333;0.925284945792
52.5;0.925420990095;0.925284945792
52.5;0.924534963409;0.925284945792
52.5;0.924407739616;0.925284945792
52.5;0.925499541405;0.925284945792
52.5;0.926083224816;0.925284945792
52.5;0.926108083012;0.925284945792
52.5;0.925909705443;0.925284945792
63.0;0.926383741628;0.925952354059
63.0;0.92357102559;0.925952354059
63.0;0.925876758271;0.925952354059
63.0;0.923991899941;0.925952354059
63.0;0.926882913706;0.925952354059
63.0;0.928682387611;0.925952354059
63.0;0.92655116862;0.925952354059
63.0;0.925671101492;0.925952354059
63.0;0.926566661139;0.925952354059
63.0;0.925345882588;0.925952354059
73.5;0.91413291134;0.91703009341
73.5;0.918112016057;0.91703009341
73.5;0.918090533267;0.91703009341
73.5;0.917825043253;0.91703009341
73.5;0.91504216249;0.91703009341
73.5;0.915997569323;0.91703009341
73.5;0.91844805136;0.91703009341
73.5;0.917867117371;0.91703009341
73.5;0.918256730516;0.91703009341
73.5;0.916528799126;0.91703009341
84.0;0.908743414773;0.909792427155
84.0;0.909865678307;0.909792427155
84.0;0.908885480204;0.909792427155
84.0;0.910388331113;0.909792427155
84.0;0.912702979205;0.909792427155
84.0;0.908503855115;0.909792427155
84.0;0.907913572644;0.909792427155
84.0;0.907835661179;0.909792427155
84.0;0.91190274098;0.909792427155
84.0;0.911182558034;0.909792427155
94.5;0.905943253194;0.906913792043
94.5;0.906750931935;0.906913792043
94.5;0.907828479356;0.906913792043
94.5;0.906388095349;0.906913792043
94.5;0.905727942731;0.906913792043
94.5;0.907571356591;0.906913792043
94.5;0.906380917175;0.906913792043
94.5;0.908353699333;0.906913792043
94.5;0.907323769449;0.906913792043
94.5;0.90686947532;0.906913792043
105.0;0.911210149396;0.909888546037
105.0;0.908713926991;0.909888546037
105.0;0.909643090909;0.909888546037
105.0;0.908530956457;0.909888546037
105.0;0.909545616873;0.909888546037
105.0;0.906847529435;0.909888546037
105.0;0.910184707049;0.909888546037
105.0;0.913330596639;0.909888546037
105.0;0.912276945585;0.909888546037
105.0;0.908601941042;0.909888546037
115.5;0.913396232993;0.911363821813
115.5;0.91156052212;0.911363821813
115.5;0.909292890427;0.911363821813
115.5;0.909122365424;0.911363821813
115.5;0.912614486025;0.911363821813
115.5;0.91328350607;0.911363821813
115.5;0.910042290329;0.911363821813
115.5;0.909550891062;0.911363821813
115.5;0.910754134227;0.911363821813
115.5;0.914020899452;0.911363821813
126.0;0.909926508688;0.910938377752
126.0;0.910208275871;0.910938377752
126.0;0.910062650061;0.910938377752
126.0;0.913385191419;0.910938377752
126.0;0.908993447454;0.910938377752
126.0;0.911019531893;0.910938377752
126.0;0.911173772898;0.910938377752
126.0;0.912158989796;0.910938377752
126.0;0.912579616917;0.910938377752
126.0;0.909875792524;0.910938377752
136.5;0.909934527919;0.909527486697
136.5;0.909615374976;0.909527486697
136.5;0.908392466613;0.909527486697
136.5;0.907616073107;0.909527486697
136.5;0.911649241118;0.909527486697
136.5;0.909464767585;0.909527486697
136.5;0.909583044866;0.909527486697
136.5;0.911139581239;0.909527486697
136.5;0.908373748703;0.909527486697
136.5;0.909506040849;0.909527486697
147.0;0.910155930501;0.909378073724
147.0;0.907529264429;0.909378073724
147.0;0.910384274991;0.909378073724
147.0;0.909855964298;0.909378073724
147.0;0.9103149641;0.909378073724
147.0;0.907428078019;0.909378073724
147.0;0.908442297966;0.909378073724
147.0;0.910940933214;0.909378073724
147.0;0.908569032662;0.909378073724
147.0;0.910159997055;0.909378073724
157.5;0.909990285809;0.90960858567
157.5;0.908806677801;0.90960858567
157.5;0.910473636803;0.90960858567
157.5;0.909949473704;0.90960858567
157.5;0.909151875179;0.90960858567
157.5;0.910685779794;0.90960858567
157.5;0.909778342992;0.90960858567
157.5;0.909574606712;0.90960858567
157.5;0.909808080499;0.90960858567
157.5;0.907867097411;0.90960858567
168.0;0.908272162246;0.908836066031
168.0;0.907511474595;0.908836066031
168.0;0.907497083752;0.908836066031
168.0;0.908253966513;0.908836066031
168.0;0.908724119542;0.908836066031
168.0;0.908368754532;0.908836066031
168.0;0.910811150975;0.908836066031
168.0;0.909378362254;0.908836066031
168.0;0.909394734039;0.908836066031
168.0;0.910148851858;0.908836066031
178.5;0.90514299061;0.907409297731
178.5;0.908488832007;0.907409297731
178.5;0.90608758485;0.907409297731
178.5;0.908526196994;0.907409297731
178.5;0.907468340096;0.907409297731
178.5;0.9073917921;0.907409297731
178.5;0.907879015974;0.907409297731
178.5;0.906791786805;0.907409297731
178.5;0.907459861392;0.907409297731
178.5;0.908856576483;0.907409297731
189.0;0.90550855309;0.908557006946
189.0;0.906362558899;0.908557006946
189.0;0.90790178732;0.908557006946
189.0;0.910101846015;0.908557006946
189.0;0.91116835195;0.908557006946
189.0;0.909042551745;0.908557006946
189.0;0.909165207008;0.908557006946
189.0;0.907862683865;0.908557006946
189.0;0.908950433188;0.908557006946
189.0;0.909506096379;0.908557006946
199.5;0.910034647334;0.9086089882
199.5;0.907658738531;0.9086089882
199.5;0.905690751042;0.9086089882
199.5;0.90818629605;0.9086089882
199.5;0.907420694066;0.9086089882
199.5;0.909885672016;0.9086089882
199.5;0.909002255487;0.9086089882
199.5;0.910189873433;0.9086089882
199.5;0.909424367925;0.9086089882
199.5;0.908596586116;0.9086089882