Rabi measurement
Date: 2021_02_12, 12:39
Rabi settings:
Minimum [ns]: 0.000000 
Maximum [ns]: 200.000000 
Step [ns]: 10.000000 
Sequence: [(['Laser'], 1500), ([], 1000), (['Mw'], 20), ([], t), (['Mw'], 20), ([], 300)] 
Repeat [#]: 5 
Freq [MHz]: 2828.000000 
Cam settings:
Hardware AOI: [0, 0, 1280, 1024] 
Software AOI: [851, 885, 50, 51] 
Pixelclock [MHz]: 10.000000 
Exposure [ms]: 100.000000 
Time [ns];Intensity [count]; Average Intensity [count]
0.0;0.920474414548;0.923946029624
0.0;0.925304165676;0.923946029624
0.0;0.92467616017;0.923946029624
0.0;0.925682269014;0.923946029624
0.0;0.923593138714;0.923946029624
10.5;0.945017110181;0.946039119339
10.5;0.948530523981;0.946039119339
10.5;0.945857734343;0.946039119339
10.5;0.945509873473;0.946039119339
10.5;0.945280354718;0.946039119339
21.0;0.928711476967;0.92790520575
21.0;0.928443876491;0.92790520575
21.0;0.928155618503;0.92790520575
21.0;0.929365862512;0.92790520575
21.0;0.924849194274;0.92790520575
31.5;0.91795197614;0.918986249026
31.5;0.918275328235;0.918986249026
31.5;0.919668065839;0.918986249026
31.5;0.918816171187;0.918986249026
31.5;0.920219703731;0.918986249026
42.0;0.922272340028;0.921937044211
42.0;0.922823162582;0.921937044211
42.0;0.920681328313;0.921937044211
42.0;0.92235930299;0.921937044211
42.0;0.921549087144;0.921937044211
52.5;0.932201487478;0.93279582055
52.5;0.93186982243;0.93279582055
52.5;0.935182263394;0.93279582055
52.5;0.931494834644;0.93279582055
52.5;0.933230694804;0.93279582055
63.0;0.942284011296;0.942266658782
63.0;0.941261974715;0.942266658782
63.0;0.941653922133;0.942266658782
63.0;0.943929459834;0.942266658782
63.0;0.942203925935;0.942266658782
73.5;0.937837864411;0.939199076268
73.5;0.93898058779;0.939199076268
73.5;0.939209763506;0.939199076268
73.5;0.939898390569;0.939199076268
73.5;0.940068775064;0.939199076268
84.0;0.937374887852;0.934826101484
84.0;0.933547348919;0.934826101484
84.0;0.935532638505;0.934826101484
84.0;0.934164879569;0.934826101484
84.0;0.933510752573;0.934826101484
94.5;0.930284256506;0.931279529856
94.5;0.931695698518;0.931279529856
94.5;0.932273732002;0.931279529856
94.5;0.931895335225;0.931279529856
94.5;0.930248627027;0.931279529856
105.0;0.931586667115;0.93181881103
105.0;0.931930028745;0.93181881103
105.0;0.933038311905;0.93181881103
105.0;0.930277256526;0.93181881103
105.0;0.932261790858;0.93181881103
115.5;0.934112894104;0.933867886044
115.5;0.933812432377;0.933867886044
115.5;0.935045362994;0.933867886044
115.5;0.93469449677;0.933867886044
115.5;0.931674243975;0.933867886044
126.0;0.934066787284;0.933642841395
126.0;0.931896635385;0.933642841395
126.0;0.933161349896;0.933642841395
126.0;0.93386434206;0.933642841395
126.0;0.935225092349;0.933642841395
136.5;0.930598062641;0.932170990188
136.5;0.931352800491;0.932170990188
136.5;0.93225059117;0.932170990188
136.5;0.933390287634;0.932170990188
136.5;0.933263209004;0.932170990188
147.0;0.932985257075;0.932552874526
147.0;0.933032964;0.932552874526
147.0;0.931717693894;0.932552874526
147.0;0.933122203724;0.932552874526
147.0;0.93190625394;0.932552874526
157.5;0.931583940846;0.932308952138
157.5;0.932108821928;0.932308952138
157.5;0.931885103298;0.932308952138
157.5;0.931845230513;0.932308952138
157.5;0.934121664103;0.932308952138
168.0;0.932293750391;0.932345591373
168.0;0.933243539097;0.932345591373
168.0;0.931916650233;0.932345591373
168.0;0.930334879126;0.932345591373
168.0;0.93393913802;0.932345591373
178.5;0.932231314232;0.931572356112
178.5;0.933002735809;0.931572356112
178.5;0.929926654407;0.931572356112
178.5;0.932111535215;0.931572356112
178.5;0.930589540896;0.931572356112
189.0;0.932272223293;0.932166776173
189.0;0.930715656183;0.932166776173
189.0;0.932092046689;0.932166776173
189.0;0.932371397677;0.932166776173
189.0;0.933382557022;0.932166776173
199.5;0.932515860039;0.933498054845
199.5;0.933250777925;0.933498054845
199.5;0.933193753839;0.933498054845
199.5;0.934463129623;0.933498054845
199.5;0.934066752802;0.933498054845